a = 0 --> b's: | 0 | 1 | 2 | 3 | 4 | 5 | 6 | 7 | 8 | 9 |
a = 1 --> b's: | 0 | 1 | 2 | 3 | 4 | 5 | 6 | 7 | 8 | 9 |
a = 2 --> b's: | 0 | 1 | 2 | 3 | 4 | 5 | 6 | 7 | 8 | 9 |
a = 3 --> b's: | 0 | 1 | 2 | 3 | 4 | 5 | 6 | 7 | 8 | 9 |
a = 4 --> b's: | 0 | 1 | 2 | 3 | 4 | 5 | 6 | 7 | 8 | 9 |
a = 5 --> b's: | 0 | 1 | 2 | 3 | 4 | 5 | 6 | 7 | 8 | 9 |
a = 6 --> b's: | 0 | 1 | 2 | 3 | 4 | 5 | 6 | 7 | 8 | 9 |
a = 7 --> b's: | 0 | 1 | 2 | 3 | 4 | 5 | 6 | 7 | 8 | 9 |
a = 8 --> b's: | 0 | 1 | 2 | 3 | 4 | 5 | 6 | 7 | 8 | 9 |
a = 9 --> b's: | 0 | 1 | 2 | 3 | 4 | 5 | 6 | 7 | 8 | 9 |
